4 0 76 3 6 7 2 189 11 76 1021
3 0 61 2 4 4 4 185 19 34 1024
4 0 69 3 3 3 3 200 10 81 1025
1 0 89 1 3 3 1 179 13 58 1020
4 1 61 4 6 6 2 195 12 71 1022
3 0 19 1 6 7 1 172 15 55 1025
7 0 31 1 10 11 1 180 17 48 1018
3 0 97 1 8 8 1 180 19 37 1024
1 0 100 1 8 9 1 169 11 82 1025
4 1 100 1 6 6 1 174 18 42 1025
2 0 79 1 7 7 1 167 16 55 1024
3 0 52 1 11 12 1 167 10 71 1025
2 0 49 1 6 7 1 162 19 37 1024
4 0 59 3 7 7 3 179 20 37 1024
2 0 52 1 4 4 1 182 13 67 1023
0 0 69 1 3 3 0 164 13 67 1022
1 0 69 1 2 4 1 169 18 59 1026
3 0 56 1 5 8 3 175 11 87 1026
3 0 29 1 3 4 2 164 17 45 1019
5 0 49 4 5 8 4 185 11 82 1026
2 0 109 3 5 6 1 162 12 71 1025
1 0 106 1 4 4 1 155 14 72 1026
1 0 90 2 6 7 2 159 21 40 1027
1 0 54 1 5 6 2 162 23 35 1026
1 0 51 1 1 2 2 170 22 40 1025
3 0 82 3 2 4 2 167 11 87 1026
2 0 79 2 4 5 1 177 12 76 1023
1 0 79 1 3 4 1 175 21 40 1026
3 0 71 1 3 3 1 170 21 37 1026
2 0 61 1 2 2 1 162 12 71 1021
2 0 57 1 4 6 1 152 21 35 1026
2 0 61 1 3 4 2 159 22 40 1025
1 0 81 1 3 3 1 152 20 32 1024
1 0 86 1 5 5 1 162 17 51 1025
2 0 81 2 8 9 3 172 19 37 1024
3 0 35 1 7 8 1 164 15 51 1019
4 0 30 1 9 10 2 184 14 62 1024
2 0 87 1 4 4 2 172 22 35 1025
2 0 57 1 2 2 1 162 20 34 1024
3 0 52 1 5 5 1 160 22 37 1025
2 0 18 1 2 2 1 144 9 81 1025
3 0 6 1 3 3 2 144 15 67 1026
2 0 15 0 4 4 1 155 11 71 1021
11 0 34 5 8 9 3 227 21 37 1026
2 0 100 1 10 11 2 174 13 67 1022
5 1 57 2 7 8 1 189 19 37 1024
2 0 57 1 6 6 1 179 18 52 1025
2 0 44 1 10 10 1 197 19 39 1025
4 0 7 1 4 5 3 139 21 40 1025
2 0 49 1 4 4 2 155 15 67 1026
3 0 64 2 12 12 2 182 11 82 1025
1 0 97 1 14 14 1 175 10 87 1026
1 0 59 2 6 6 1 179 10 87 1026
3 0 59 2 3 3 4 187 11 76 1025
3 0 54 2 3 3 4 185 9 93 1026
1 0 90 1 3 3 1 180 9 93 1026
3 1 69 4 6 7 2 194 8 93 1026
4 1 22 3 6 7 1 180 7 100 1026
4 0 42 1 9 10 1 180 9 100 1026
5 0 42 2 8 9 3 180 12 94 1025
2 0 99 1 9 10 1 170 15 72 1025
6 1 100 1 5 5 1 179 17 67 1026
1 0 82 1 6 6 1 164 19 59 1026
3 0 51 2 11 12 1 174 21 49 1026
2 0 45 1 6 7 1 160 22 33 1025
5 0 49 2 7 8 2 177 22 40 1025
2 0 49 1 3 3 1 184 23 38 1025
0 0 70 1 2 3 0 167 24 33 1024
1 0 72 1 2 4 1 167 23 33 1024
3 0 62 1 6 8 3 175 23 38 1024
3 0 26 1 3 5 2 160 20 52 1023
5 0 43 4 5 8 3 185 22 40 1023
3 0 104 3 6 6 2 165 18 63 1023
1 0 102 1 4 4 1 155 14 88 1022
1 0 97 1 7 7 2 157 16 77 1023
2 0 54 1 5 5 2 162 15 77 1023
1 0 49 1 2 2 2 169 23 38 1023
3 0 78 3 3 4 3 169 13 100 1023
4 0 72 2 5 5 2 182 13 100 1022
1 0 80 1 3 4 1 172 17 67 1023
2 0 71 1 3 3 1 169 19 59 1023
2 0 58 1 2 2 1 164 15 77 1023
2 0 52 0 4 5 1 150 13 100 1022
2 0 56 1 3 4 2 159 13 100 1022
1 0 77 1 3 3 1 150 15 94 1022
1 0 93 1 4 4 1 159 16 82 1022
1 0 90 2 9 10 2 165 16 82 1022
4 0 32 3 7 7 2 169 17 77 1021
3 0 54 1 6 7 2 184 18 68 1021
2 0 82 1 5 6 3 175 21 49 1020
2 0 51 1 2 2 1 162 22 43 1020
3 0 52 1 5 5 1 160 21 52 1020
1 0 29 1 2 2 1 147 20 56 1020
3 1 4 2 3 4 2 149 21 52 1020
2 0 19 0 4 5 1 157 22 49 1019
7 0 35 3 7 8 2 202 22 46 1019
2 0 89 1 10 10 2 175 20 56 1019
6 1 66 2 8 8 1 192 18 63 1019
1 0 62 1 6 6 1 177 16 72 1019
3 0 35 1 10 10 1 204 14 88 1020
3 0 5 1 4 5 3 134 13 88 1020
2 0 47 1 3 4 2 154 13 82 1020
4 0 58 2 12 13 2 182 12 87 1020
1 0 104 2 14 15 1 177 10 100 1020
1 0 70 2 6 7 1 179 9 100 1019
3 1 58 3 3 4 3 189 8 100 1020
4 0 61 3 3 4 3 202 9 100 1020
2 0 89 2 3 4 1 182 14 77 1020
1 0 79 2 4 5 1 179 16 72 1020
5 2 27 4 7 8 2 194 18 63 1020
7 0 30 1 10 11 1 179 20 60 1020
5 0 34 1 9 9 2 175 21 49 1020
3 0 94 2 11 12 2 174 21 49 1019
3 0 103 1 4 5 1 174 22 46 1019
1 0 94 1 5 5 1 165 22 46 1019
3 1 60 2 11 12 2 177 23 43 1019
2 0 44 1 6 7 1 159 22 49 1019
5 0 36 1 8 9 2 172 24 41 1018
3 0 49 1 3 3 1 185 23 46 1018
0 0 71 1 2 3 0 167 22 49 1018
1 0 73 1 2 3 1 165 22 53 1018
2 0 68 2 5 8 3 174 20 52 1018
3 0 24 1 3 5 3 160 16 63 1019
5 0 36 2 6 8 2 179 10 93 1019
3 0 100 4 6 7 2 167 15 63 1020
1 0 96 1 4 5 1 157 9 93 1019
1 0 112 1 6 6 1 155 16 59 1019
2 0 59 2 5 6 2 162 12 76 1019
1 0 44 1 2 2 1 169 9 100 1019
3 0 73 3 3 4 3 169 8 100 1019
4 0 63 3 6 6 2 184 17 59 1019
1 0 81 1 3 4 1 169 13 82 1019
2 0 69 1 2 3 1 172 9 93 1019
3 0 57 1 2 2 1 162 19 45 1019
2 0 48 0 4 5 1 149 22 40 1019
3 0 45 1 3 4 2 157 21 40 1019
1 0 74 1 3 4 1 150 23 40 1019
1 0 94 1 3 3 1 155 23 40 1019
1 0 89 1 6 6 2 160 24 35 1018
5 1 36 4 7 7 3 174 24 35 1018
2 0 57 1 6 6 2 185 24 33 1018
3 0 80 2 5 6 3 177 24 35 1018
2 0 46 1 2 2 1 162 24 33 1017
3 0 52 1 5 5 1 160 22 46 1017
1 0 37 0 1 1 1 150 23 40 1017
4 2 4 2 4 4 2 157 19 55 1018
2 0 24 0 5 6 1 159 17 59 1018
4 0 52 1 7 7 2 177 15 72 1018
2 0 82 1 10 10 2 175 15 77 1018
3 0 64 1 8 8 1 184 14 88 1018
1 0 70 1 6 6 1 175 12 94 1018
3 0 32 1 9 9 1 212 11 100 1018
3 0 4 1 4 5 3 132 13 94 1018
1 0 46 0 3 3 1 149 13 100 1018
1 0 82 1 11 11 1 179 14 94 1018
1 0 109 3 16 16 1 180 16 82 1019
3 0 50 1 3 3 3 185 17 77 1019
4 0 54 4 3 4 4 202 19 68 1019
2 0 87 2 4 4 1 185 22 53 1019
1 0 80 2 4 4 1 177 23 49 1019
2 0 66 2 6 6 1 180 24 46 1019
6 0 30 1 10 11 1 177 25 41 1018
4 0 30 1 9 10 2 170 24 43 1018
5 0 83 2 12 13 2 179 25 44 1018
1 0 102 1 4 5 1 169 25 41 1018
1 0 102 1 5 5 1 165 24 46 1018
2 0 90 2 9 10 2 172 23 49 1018
2 0 43 1 6 7 1 159 23 46 1018
5 0 25 1 8 9 2 165 13 93 1017
3 0 59 1 2 3 1 192 13 93 1018
0 0 72 1 2 3 1 167 13 93 1019
1 0 73 1 2 3 1 164 13 93 1019
2 0 72 1 5 8 3 170 12 93 1019
3 0 23 1 3 5 3 159 12 93 1020
5 0 29 2 5 8 2 170 12 92 1020
3 0 96 4 6 7 3 167 11 96 1020
1 0 93 1 4 4 1 159 11 70 1021
1 0 116 1 5 5 1 155 11 81 1021
2 0 77 2 5 6 1 160 13 76 1011
1 0 41 1 2 2 1 167 13 77 1011
2 0 67 2 3 4 3 167 14 81 1011
4 0 59 2 9 9 1 185 14 84 1011
1 0 81 1 3 4 1 165 16 84 1011
2 0 66 1 2 2 1 174 18 83 1011
2 0 60 1 2 2 1 162 21 79 1011
2 0 44 0 4 5 1 145 21 47 1024
3 0 34 1 3 4 2 152 21 48 1024
2 0 68 1 4 4 2 152 21 40 1023
1 0 92 1 3 3 1 154 20 50 1024
0 0 87 1 4 4 1 159 21 50 1024
2 0 70 2 5 6 2 164 20 40 1023
2 0 57 1 6 7 1 185 19 35 1023
2 0 70 1 4 4 3 172 17 42 1023
2 0 43 1 2 2 1 162 15 63 1025
4 0 53 1 5 5 1 162 13 59 1025
1 0 38 0 1 1 1 154 12 80 1025
4 1 16 2 3 3 1 155 13 76 1025
2 0 29 0 7 7 1 164 14 72 1026
4 0 59 1 7 8 2 175 14 74 1026
2 0 77 2 10 10 2 174 12 82 1026
5 0 66 2 8 8 1 190 11 80 1026
1 0 69 1 6 7 1 174 11 82 1026
3 0 44 1 7 7 1 209 12 85 1026
3 0 5 1 5 5 2 132 14 83 1026
1 0 44 0 3 3 1 147 15 80 1027
3 0 53 2 13 14 3 180 19 84 1016
1 0 110 3 17 17 1 184 20 80 1017
3 0 69 3 6 7 3 187 21 76 1017
1 0 87 1 3 3 2 185 22 73 1017
3 0 82 3 4 5 2 190 23 66 1017
1 0 80 2 4 4 1 177 23 35 1026
1 0 70 1 5 6 1 177 23 44 1025
5 0 31 1 10 10 1 174 23 33 1025
4 0 29 1 9 10 2 167 23 56 1025
7 0 72 2 13 14 2 184 23 31 1025
1 0 96 1 5 5 1 167 20 40 1025
1 0 106 1 5 5 1 165 19 40 1024
1 0 97 2 8 9 2 169 16 63 1025
2 0 44 1 6 7 1 159 15 73 1025
4 0 18 1 9 10 3 159 16 73 1025
3 0 54 1 2 2 1 187 15 68 1025
1 0 71 1 3 3 1 167 16 71 1025
1 0 73 1 2 2 1 164 14 74 1025
2 0 72 1 5 8 3 172 14 75 1025
3 0 21 1 3 5 2 160 14 75 1025
4 0 28 1 5 7 1 169 14 77 1024
3 0 86 4 6 7 3 167 17 79 1020
2 0 88 1 4 4 1 162 17 79 1020
1 0 120 1 5 5 1 155 17 79 1020
1 0 83 2 6 6 2 160 17 79 1020
2 0 39 2 2 3 2 169 17 84 1021
2 0 61 2 3 4 3 165 18 86 1020
3 0 62 2 12 13 1 187 23 28 1024
2 0 79 1 3 4 1 165 24 29 1024
2 0 64 1 2 2 1 177 24 45 1024
2 0 65 1 2 2 1 160 25 29 1023
2 0 40 1 4 5 1 145 24 46 1023
3 0 29 1 3 4 3 149 24 48 1023
2 0 59 1 5 5 2 154 23 31 1022
1 0 86 1 3 3 1 155 23 38 1022
0 0 86 1 3 3 1 157 16 95 1021
2 0 76 2 5 6 2 160 15 95 1021
2 0 55 1 6 7 1 185 15 95 1022
2 0 59 1 2 3 2 162 14 95 1022
2 0 40 1 2 2 1 160 14 95 1022
5 0 52 1 5 5 1 164 14 95 1022
1 0 35 0 1 1 1 152 14 95 1022
3 0 23 2 3 4 1 159 14 95 1022
2 0 34 1 9 9 1 169 14 95 1022
3 0 57 1 8 8 2 172 14 95 1022
3 0 62 2 9 9 3 174 14 95 1022
2 0 60 1 7 7 1 180 14 95 1022
1 0 70 1 7 7 2 172 14 95 1022
2 0 57 1 5 5 1 187 19 59 1021
2 1 12 1 5 6 2 149 20 56 1021
1 0 43 0 3 3 1 144 23 62 1021
3 0 54 2 13 13 3 182 22 56 1021
2 0 97 3 20 20 2 190 24 47 1020
3 0 62 2 3 4 4 187 24 55 1020
4 0 47 3 4 4 4 200 19 95 1023
4 0 74 3 5 5 2 194 20 95 1023
2 0 79 2 3 4 1 179 22 95 1022
1 0 72 1 6 6 1 172 22 94 1022
3 1 33 1 9 10 1 170 17 40 1019
3 0 30 1 10 10 2 165 16 43 1019
8 0 62 2 13 14 1 184 14 68 1020
1 0 92 1 5 6 1 169 21 93 1022
1 0 106 1 5 5 1 165 13 76 1020
1 0 99 2 9 9 2 165 12 84 1020
3 0 46 1 6 7 1 164 13 87 1020
4 0 13 1 9 10 3 154 12 88 1020
2 0 64 1 2 3 1 194 11 88 1020
1 0 71 1 3 4 1 165 10 70 1021
0 0 74 1 2 3 1 165 10 69 1021
2 0 74 2 6 8 4 172 12 90 1020
3 2 19 2 4 6 2 169 14 85 1023
3 0 30 1 4 6 1 165 14 89 1023
4 0 77 4 6 6 3 167 16 91 1023
3 0 81 2 5 5 2 169 17 90 1023
1 0 124 1 5 5 1 154 19 83 1023
1 0 84 2 6 7 2 160 21 79 1024
2 1 42 2 3 3 2 170 22 74 1023
2 0 57 2 3 4 3 165 22 71 1023
3 0 65 1 15 15 1 187 21 75 1023
2 0 77 1 4 5 1 165 21 74 1023
3 0 63 2 3 3 1 182 21 70 1023
2 0 62 1 2 2 1 160 21 67 1023
2 0 39 1 4 6 1 150 16 49 1018
3 0 25 1 3 4 4 145 14 49 1019
2 0 52 1 5 6 2 154 12 85 1020
2 0 78 1 3 3 2 159 21 64 1023
0 0 84 1 3 3 1 157 19 55 1019
2 0 80 2 6 6 2 159 12 87 1020
2 0 57 1 6 7 1 185 12 67 1022
2 0 49 0 2 2 1 155 13 86 1020
2 0 37 1 2 2 1 159 12 88 1020
6 0 46 1 5 5 1 164 12 88 1020
1 0 37 0 1 1 1 152 11 89 1020
3 0 29 2 4 4 1 160 12 90 1020
2 0 35 1 9 10 1 172 16 84 1023
2 0 54 1 10 10 1 167 16 85 1023
2 0 72 2 9 10 3 174 16 86 1023
2 0 56 1 7 7 1 180 18 73 1023
1 0 78 2 8 8 2 175 19 67 1023
1 0 59 1 3 3 1 175 21 64 1023
2 0 9 1 5 5 2 140 22 59 1023
1 0 41 0 3 3 1 144 23 56 1023
3 0 52 1 13 13 2 177 24 56 1022
3 0 88 3 21 21 2 190 26 55 1018
3 0 44 2 3 4 3 189 26 46 1018
4 0 43 2 4 4 4 195 22 50 1018
4 0 64 4 5 6 3 195 20 52 1018
2 0 78 2 4 4 1 179 19 49 1017
2 0 79 1 5 5 1 174 17 46 1018
3 1 40 1 9 10 2 170 15 69 1019
2 0 35 1 9 10 1 165 13 75 1019
7 0 54 1 12 13 1 180 11 81 1019
2 0 89 1 6 6 2 169 11 89 1019
1 0 104 1 4 4 1 164 13 90 1019
1 0 100 1 6 7 1 164 13 90 1019
3 1 54 2 6 7 2 172 12 90 1019
4 0 12 1 9 10 2 150 12 91 1019
2 0 72 1 2 3 1 184 15 72 1022
1 0 72 1 3 4 1 165 15 75 1022
1 0 75 1 2 3 1 165 17 82 1023
1 0 90 1 7 9 3 170 18 80 1022
4 3 23 3 4 7 2 177 16 80 1022
3 0 30 1 4 5 1 162 22 65 1022
4 0 71 3 5 6 3 165 23 61 1022
3 0 74 3 5 5 2 172 20 72 1022
1 0 129 1 5 5 1 154 24 60 1022
1 0 83 1 5 6 1 164 24 59 1022
1 0 46 1 2 2 1 169 26 34 1019
2 0 53 1 3 4 4 165 26 38 1018
2 0 64 1 14 15 1 182 26 34 1018
2 0 76 1 4 5 1 167 25 36 1018
3 0 62 2 3 3 1 189 16 76 1018
1 0 73 1 2 2 1 164 15 78 1018
2 1 45 2 5 6 2 159 14 80 1019
3 0 24 1 3 4 3 144 14 82 1019
2 0 46 1 5 6 1 150 12 79 1019
3 0 71 2 3 3 2 164 13 88 1019
0 0 84 1 3 3 1 159 13 74 1019
1 0 80 1 3 3 1 159 11 74 1020
2 0 68 1 6 6 2 187 13 72 996
2 0 43 0 2 2 1 154 13 71 997
2 0 35 0 2 2 1 160 13 71 996
6 0 41 1 5 5 1 164 13 66 1021
1 0 33 1 1 1 1 154 17 59 997
2 0 39 2 3 3 1 164 17 54 998
2 0 42 1 9 10 1 174 18 50 998
2 0 61 1 12 13 1 172 19 47 998
2 0 52 1 7 7 3 174 19 47 998
2 0 55 2 9 9 1 179 19 46 998
1 0 82 2 9 9 1 180 21 44 998
2 0 55 1 6 6 1 200 21 43 998
3 2 20 2 5 6 2 157 23 39 998
1 0 42 0 3 3 1 144 20 38 1022
2 0 52 1 12 12 2 172 20 39 1022
3 0 77 3 20 20 1 189 19 37 1021
2 0 69 2 4 5 3 185 18 40 1021
4 0 39 2 4 4 5 190 13 61 1023
4 0 56 3 5 6 4 195 13 73 1024
2 0 75 2 4 4 1 177 11 83 1024
4 1 83 1 5 5 1 179 10 86 1024
3 1 67 1 7 8 1 172 12 67 1023
2 0 43 1 9 10 1 165 11 69 1023
5 0 49 1 11 12 1 174 12 60 1001
2 0 84 1 6 6 2 172 11 62 1001
1 0 102 1 3 3 1 162 11 64 1001
1 0 100 1 5 5 1 164 11 64 1001
2 0 84 2 5 6 1 174 13 61 1002
3 0 18 1 9 10 1 150 14 59 1002
1 0 75 1 2 3 2 175 16 56 1002
1 0 70 1 4 5 1 165 18 53 1002
1 0 78 1 3 4 1 167 19 47 1003
1 0 94 1 7 10 3 170 19 46 1002
2 1 67 2 4 7 1 172 20 44 1002
3 0 31 1 4 5 1 160 20 43 1002
3 0 66 2 5 5 4 164 22 41 1001
3 0 69 3 5 6 2 174 23 38 1001
1 0 129 1 5 6 1 154 23 34 1024
0 0 85 1 5 5 1 167 22 40 1024
2 0 55 2 3 4 2 169 19 59 1024
2 0 50 1 4 5 3 165 17 66 1024
2 0 61 1 12 12 1 177 16 65 1024
2 0 74 1 4 5 1 167 14 72 1025
4 0 62 3 4 4 1 195 16 62 1024
1 0 77 1 2 2 1 165 14 66 1024
2 0 76 2 4 5 1 164 14 68 1024
2 0 30 1 3 4 2 145 12 75 1024
2 0 41 1 5 6 1 149 14 56 1001
6 0 52 5 4 4 4 184 13 59 1001
1 0 83 1 2 3 1 159 13 61 1001
1 0 79 1 2 2 1 159 13 61 1001
1 0 92 1 4 4 1 180 17 57 1001
2 0 39 0 2 2 1 154 19 52 1002
2 0 33 0 2 3 1 162 21 47 1002
6 0 32 2 5 5 2 165 22 44 1002
1 0 33 1 1 1 1 155 22 43 1001
2 0 52 2 3 3 1 167 15 60 1001
1 0 66 1 8 9 1 172 23 41 1001
2 0 55 1 9 9 1 167 23 40 1001
2 0 44 1 6 6 3 172 24 38 1000
2 0 55 2 10 11 1 179 25 36 1000
2 0 79 2 9 9 1 185 24 38 1023
1 0 67 0 1 2 1 157 24 38 1022
2 0 72 1 4 4 1 164 23 44 1022
1 0 44 1 3 3 1 144 19 62 1022
2 0 49 1 11 11 2 169 19 55 1022
2 0 106 3 19 19 1 187 19 63 1022
3 0 46 1 3 3 2 185 18 67 1022
3 0 36 1 4 4 5 187 17 73 1022
4 0 48 3 5 6 4 192 18 61 998
3 0 69 2 4 4 2 182 17 73 1022
5 1 86 1 5 5 1 180 17 77 1022
2 1 76 1 7 8 1 170 17 65 1022
2 0 57 1 9 9 1 167 17 65 997
4 0 46 1 10 11 1 169 17 69 997
3 0 73 2 7 7 3 174 17 66 998
1 0 96 1 2 3 1 162 17 69 997
1 0 99 1 4 5 1 164 18 66 997
1 0 92 2 5 5 1 172 20 62 997
2 0 40 1 8 9 1 157 22 60 996
1 0 72 1 2 3 2 170 22 57 996
1 0 65 1 4 6 1 165 23 54 996
2 0 77 1 4 5 2 170 23 54 996
1 0 93 1 7 10 3 172 24 51 995
1 0 74 2 4 6 1 170 25 48 995
2 0 31 1 4 5 1 160 22 66 1018
3 0 62 2 4 5 4 162 24 40 994
3 0 66 3 6 6 3 172 22 52 1018
2 0 117 2 6 7 1 160 21 59 1018
0 0 88 1 5 5 1 167 18 77 1019
1 0 64 2 4 8 2 169 16 87 1019
2 0 47 1 4 5 3 167 15 92 1019
2 0 51 1 10 10 1 172 13 94 1020
2 0 72 1 4 5 1 165 12 96 1019
4 0 59 3 5 5 1 200 13 95 1019
1 0 79 1 2 2 1 165 13 90 1018
1 0 81 1 3 3 1 160 14 67 996
2 0 43 1 3 4 1 149 14 69 996
2 0 38 1 5 6 1 149 15 69 996
10 0 31 7 5 6 5 209 16 68 996
1 0 78 1 2 2 1 160 18 66 997
1 0 81 1 3 3 1 159 20 63 997
1 0 96 1 4 4 1 177 21 59 997
2 0 34 0 2 2 0 154 22 55 997
2 0 29 0 3 3 1 162 22 52 996
6 0 21 2 5 6 2 165 23 49 996
2 0 32 1 1 1 2 157 23 47 996
1 0 64 1 2 2 0 172 23 45 996
1 0 79 1 8 9 1 172 25 43 1019
2 0 63 1 14 15 1 177 25 39 1019
2 0 40 1 5 6 3 170 25 35 1017
3 0 52 2 12 13 1 182 20 64 1018
2 0 72 1 9 9 1 189 19 67 1018
1 0 68 0 1 1 1 155 19 68 1019
1 0 78 1 3 3 1 164 18 78 1019
1 0 45 1 3 3 1 144 20 50 996
2 0 46 1 11 11 2 167 19 52 996
3 0 67 2 17 17 1 185 18 55 997
3 0 67 3 6 7 3 190 17 56 997
3 0 34 1 4 5 4 185 16 58 997
4 0 35 2 5 5 3 185 15 60 996
5 0 61 3 5 5 3 189 14 62 996
3 0 103 1 7 7 1 179 16 65 997
2 0 79 1 7 8 2 167 17 65 997
2 0 57 1 9 9 2 169 18 62 997
3 0 45 1 10 10 1 165 21 57 997
3 0 64 1 8 8 3 172 22 54 997
1 0 92 1 2 2 2 164 23 50 998
1 0 97 1 4 4 1 162 23 46 997
1 0 96 1 5 5 1 172 24 44 997
3 0 40 1 8 8 1 162 25 42 997
1 0 64 1 2 3 1 169 25 41 996
1 0 60 1 4 6 1 164 26 38 996
3 0 67 2 4 6 3 170 26 38 1019
1 0 87 1 8 10 3 172 26 40 1018
1 0 78 2 4 7 1 169 24 42 1018
3 1 33 2 4 5 1 165 19 72 1018
2 0 58 1 4 5 4 164 18 66 1018
3 0 67 3 6 6 3 167 17 78 1019
4 0 103 3 7 7 2 169 16 80 1019
1 0 90 1 5 5 1 169 15 84 1019
1 0 74 2 6 12 3 167 14 88 1019
2 0 46 2 4 6 3 169 18 59 996
2 0 49 1 8 8 1 169 18 62 995
2 0 70 1 4 5 1 164 17 65 996
4 0 54 2 6 6 1 200 17 67 996
1 0 79 1 2 2 1 165 17 67 996
1 0 82 1 3 3 1 159 17 67 996
2 0 45 1 3 4 1 152 19 63 996
2 0 36 1 5 6 1 147 20 60 996
12 0 18 8 7 8 6 220 21 56 997
2 0 73 1 2 2 2 162 22 53 997
1 0 86 1 4 4 1 160 23 51 996
1 0 100 1 4 4 1 177 24 48 996
2 0 28 0 2 2 0 154 24 45 996
2 0 26 0 3 3 1 164 24 42 996
6 0 14 1 5 6 2 160 26 33 1018
2 0 29 1 1 2 2 157 25 35 1018
1 0 72 1 2 2 0 174 25 37 1018
1 0 87 1 9 9 1 174 24 39 1018